Ethel
sent map link
90026
90027
90030
90039
90039
90041
90065
91001
91006
91007
91010
91011
91016
91024
91030
91101
91103
91104
91105
91106
91107
91108
91108
91201
91202
91203
91204
91205
91206
91207
91214
91501
91502
91504
91505
91706
91731
91732
91733
91770
91775
91776
91780
91790
91801
91803
99027

Genevieive
93021
91360
91362
93063
93065
91311
91326
91394
91324
91325
91303
91304
91306
91335

Eden
90247
90248
90249
90266
90274
90275
90277
90278
90501
90502
90503
90504
90505
90506
90703
90710
90712
90713
90715
90717
90740
90745
90746
90747
91204
91205
91206
91207
91208
91210
91501
91502
91504
91506
91521
91522
91523


Ugochi
90274
90275
90277
90732
90505

Angela
90220
90221
90222
90230
90232
90240
90241
90242
90245
90247
90248
90249
90250
90254
90255
90260
90262
90263
90265
90266
90270
90272
90274
90275
90277
90278
90301
90302
90303
90304
90305
90501
90502
90503
90504
90505
90506
90745
90746
90747
90802
90803
90804
90805
90806
90807
90808
90810
90813
90814
90815
90822
90840